# .test .cputime .temperature .time_mat1 .time_mat2
1 0.000786 -0.487 0.000014 0.000001
2 0.001442 -0.487 0.000002 0.000001
3 0.002651 -0.487 0.000017 0.000002
4 0.003447 -0.487 0.000003 0.000002
5 0.004302 -0.487 0.000017 0.000003
6 0.005101 -0.487 0.000014 0.000003
7 0.005783  0.000 0.000016 0.000004
8 0.007741  0.000 0.000041 0.000004
9 0.008251  0.000 0.000016 0.000005
10 0.008388  0.000 0.000016 0.000005
11 0.009157  0.000 0.000020 0.000006
12 0.010267 -0.487 0.000020 0.000007
13 0.010682 -0.487 0.000023 0.000008
14 0.011014  0.000 0.000020 0.000009
15 0.011839  0.000 0.000023 0.000010
16 0.012832  0.000 0.000023 0.000011
17 0.013812  0.000 0.000024 0.000012
18 0.014360  0.487 0.000026 0.000014
19 0.015111  0.974 0.000027 0.000015
20 0.015764  0.000 0.000028 0.000017
21 0.016609  0.000 0.000029 0.000018
22 0.017011  0.000 0.000033 0.000019
23 0.017993  0.000 0.000032 0.000021
24 0.018659  0.000 0.000035 0.000024
25 0.019320  0.974 0.000035 0.000026
26 0.019893  0.000 0.000038 0.000028
27 0.020914  0.487 0.000039 0.000030
28 0.021458 -0.487 0.000043 0.000033
29 0.022291 -0.487 0.000043 0.000034
30 0.022826  0.000 0.000048 0.000037
31 0.023707  0.487 0.000036 0.000040
32 0.024426  0.974 0.000055 0.000042
33 0.025280  0.487 0.000036 0.000044
34 0.025828  0.000 0.000054 0.000047
35 0.026943  0.974 0.000040 0.000050
36 0.027516  0.974 0.000061 0.000053
37 0.028422  0.000 0.000045 0.000055
38 0.029681  0.487 0.000064 0.000060
39 0.029711  0.487 0.000050 0.000063
40 0.030695  0.974 0.000070 0.000066
41 0.031124  0.974 0.000055 0.000111
42 0.031882  0.487 0.000078 0.000072
43 0.036221  0.974 0.000064 0.000078
44 0.039887  0.487 0.000081 0.000079
45 0.036674  0.000 0.000065 0.000084
46 0.035007  0.974 0.000084 0.000086
47 0.035970  0.487 0.000071 0.000089
48 0.036501  1.461 0.000091 0.000093
49 0.037249  0.487 0.000076 0.000098
50 0.038209  0.974 0.000098 0.000101
51 0.038509  0.000 0.000082 0.000106
52 0.039760 -0.487 0.000104 0.000109
53 0.040349  0.487 0.000089 0.000113
54 0.041483  0.974 0.000112 0.000117
55 0.042152  0.974 0.000096 0.000122
56 0.042746  0.487 0.000119 0.000125
57 0.043555  0.487 0.000103 0.000134
58 0.044273  0.487 0.000125 0.000135
59 0.044836  0.974 0.000123 0.000139
60 0.045444  1.461 0.000131 0.000142
61 0.047695  0.974 0.000142 0.000147
62 0.047548  1.948 0.000142 0.000150
63 0.052134  0.974 0.000137 0.000157
64 0.058545  1.461 0.000143 0.000160
65 0.053459  0.974 0.000147 0.000165
66 0.054970  1.948 0.000174 0.000169
67 0.054854  1.461 0.000151 0.000174
68 0.053254  2.435 0.000185 0.000178
69 0.053107  0.487 0.000175 0.000183
70 0.053412  1.461 0.000192 0.000189
71 0.054328  1.461 0.000183 0.000194
72 0.055721  0.974 0.000184 0.000199
73 0.056029  0.974 0.000215 0.000209
74 0.056597  1.461 0.000206 0.000209
75 0.057578  1.948 0.000220 0.000214
76 0.057921  0.487 0.000221 0.000221
77 0.058905  0.974 0.000215 0.000226
78 0.059662  0.974 0.000209 0.000233
79 0.060884  1.461 0.000301 0.000238
80 0.061521  0.974 0.000247 0.000243
81 0.062400  1.948 0.000229 0.000250
82 0.062780  1.461 0.000219 0.000256
83 0.063788  1.948 0.000261 0.000263
84 0.064759  0.487 0.000243 0.000270
85 0.065909  0.974 0.000270 0.000275
86 0.065241  2.435 0.000244 0.000290
87 0.066637  1.948 0.000277 0.000290
88 0.067441  0.487 0.000261 0.000296
89 0.068320  1.948 0.000299 0.000303
90 0.068658  1.461 0.000263 0.000310
91 0.069237  1.948 0.000311 0.000318
92 0.069793  2.435 0.000281 0.000324
93 0.070900  1.461 0.000314 0.000332
94 0.071967  1.948 0.000301 0.000348
95 0.074395  1.461 0.000303 0.000347
96 0.073562  1.461 0.000296 0.000353
97 0.073810  2.922 0.000321 0.000361
98 0.075518  0.974 0.000325 0.000379
99 0.074783  2.435 0.000346 0.000437
100 0.075905  1.948 0.000334 0.000395
101 0.077042  1.461 0.000366 0.000392
102 0.077859  0.974 0.000329 0.000412
103 0.078562  1.461 0.000362 0.000407
104 0.079545  1.948 0.000337 0.000416
105 0.079335  2.435 0.000382 0.000484
106 0.080845  1.948 0.000350 0.000430
107 0.082098  2.435 0.000406 0.000438
108 0.083401  1.461 0.000382 0.000447
109 0.089866  2.435 0.000390 0.000457
110 0.089867  2.435 0.000394 0.000539
111 0.085153  1.948 0.000402 0.000472
112 0.086344  2.435 0.000407 0.000480
113 0.086120  2.435 0.000432 0.000488
114 0.088226  2.435 0.000417 0.000509
115 0.089080  2.435 0.000431 0.000506
116 0.089406  2.435 0.000432 0.000553
117 0.090989  3.409 0.000441 0.000522
118 0.092219  1.461 0.000447 0.000532
119 0.092551  1.461 0.000457 0.000555
120 0.091328  1.948 0.000459 0.000548
121 0.100432  2.922 0.000465 0.000591
122 0.095498  1.461 0.000482 0.000565
123 0.094237  2.922 0.000529 0.000576
124 0.096259  2.922 0.000493 0.000603
125 0.096216  1.948 0.000495 0.000634
126 0.098134  2.922 0.000507 0.000644
127 0.098229  1.461 0.000508 0.000614
128 0.099003  3.409 0.000522 0.000663
129 0.100538  2.922 0.000527 0.000633
130 0.115631  2.435 0.000556 0.000809
131 0.106139  2.435 0.000579 0.000653
132 0.105831  3.409 0.000552 0.000729
133 0.102221  2.435 0.000555 0.000704
134 0.103628  2.922 0.000572 0.000748
135 0.103879  1.948 0.000556 0.000697
136 0.104567  2.922 0.000589 0.000707
137 0.106098  2.922 0.000571 0.000737
138 0.109468  3.409 0.000760 0.000794
139 0.106677  2.435 0.000589 0.000739
140 0.108822  2.922 0.000624 0.000813
141 0.111191  2.435 0.000606 0.000761
142 0.110927  2.922 0.000642 0.000772
143 0.111580  1.948 0.000622 0.000784
144 0.111488  2.435 0.000752 0.000795
145 0.112831  3.409 0.000640 0.000805
146 0.113869  3.409 0.000677 0.000815
147 0.116940  2.922 0.000658 0.000852
148 0.116936  2.922 0.000696 0.000838
149 0.115401  3.409 0.000676 0.000877
150 0.117577  2.435 0.000712 0.000863
151 0.117541  2.435 0.000694 0.000873
152 0.117633  2.922 0.000729 0.000886
153 0.119614  2.435 0.000713 0.000954
154 0.119743  3.409 0.000745 0.000909
155 0.121129  3.409 0.000771 0.000924
156 0.121933  2.922 0.000769 0.001041
157 0.138083  2.922 0.000750 0.000945
158 0.122536  3.409 0.000786 0.000959
159 0.124196  2.922 0.000826 0.000998
160 0.123778  2.922 0.000800 0.000982
161 0.125901  3.409 0.000805 0.001044
162 0.126250  3.896 0.000820 0.001057
163 0.129279  2.435 0.000829 0.001103
164 0.127076  3.409 0.000841 0.001032
165 0.133541  2.435 0.000849 0.001044
166 0.130300  2.435 0.000859 0.001057
167 0.129939  2.435 0.000867 0.001099
168 0.131282  2.922 0.000945 0.001085
169 0.131479  3.896 0.000957 0.001094
170 0.133145  2.922 0.000902 0.001108
171 0.134853  3.409 0.000910 0.001210
172 0.135163  1.948 0.000920 0.001167
173 0.134760  3.409 0.000934 0.001179
174 0.135381  4.383 0.000996 0.001163
175 0.138879  2.922 0.000954 0.001207
176 0.138389  2.922 0.000963 0.001257
177 0.140514  3.896 0.000977 0.001236
178 0.138952  4.383 0.001040 0.001254
179 0.141805  4.383 0.001000 0.001230
180 0.141848  4.383 0.001005 0.001281
181 0.142291  3.409 0.001023 0.001296
182 0.147138  3.896 0.001030 0.001275
183 0.145788  3.409 0.001043 0.001292
184 0.145310  3.896 0.001032 0.001304
185 0.145053  2.922 0.001070 0.001317
186 0.146526  3.409 0.001055 0.001395
187 0.146827  4.870 0.001150 0.001349
188 0.150105  3.896 0.001077 0.001365
189 0.149143  3.896 0.001118 0.001389
190 0.149170  3.409 0.001103 0.001398
191 0.154666  4.383 0.001205 0.001419
192 0.163100  2.922 0.001204 0.001856
193 0.153517  3.409 0.001254 0.001486
194 0.151876  2.922 0.001150 0.001501
195 0.152427  3.896 0.001237 0.001516
196 0.155745  3.409 0.001173 0.001492
197 0.155366  3.409 0.001254 0.001509
198 0.157820  3.896 0.001195 0.001523
199 0.161621  4.383 0.001235 0.001684
200 0.157477  3.896 0.001220 0.001649
201 0.159120  4.383 0.001260 0.001576
202 0.158529  4.383 0.001283 0.001598
203 0.161001  3.896 0.001379 0.001609
204 0.162734  3.409 0.001270 0.001670
205 0.162899  5.357 0.001315 0.001639
206 0.163824  2.922 0.001333 0.001707
207 0.164579  2.922 0.001381 0.001682
208 0.165013  4.383 0.001321 0.001694
209 0.168044  3.409 0.001390 0.001715
210 0.189506  4.870 0.001352 0.001839
211 0.174378  4.870 0.001565 0.001766
212 0.169440  4.870 0.001395 0.001829
213 0.170569  4.383 0.001449 0.001790
214 0.169808  4.383 0.001419 0.001864
215 0.172551  3.896 0.001440 0.001948
216 0.171751  4.383 0.001446 0.001964
217 0.172036  4.383 0.001468 0.001909
218 0.173633  3.896 0.001511 0.001937
219 0.173695  2.922 0.001494 0.002004
220 0.174419  4.870 0.001543 0.002433
221 0.175788  4.383 0.001615 0.001996
222 0.187726  4.383 0.001611 0.002009
223 0.177754  4.870 0.001544 0.002059
224 0.207536  4.383 0.001572 0.002053
225 0.176080  4.383 0.001571 0.002087
226 0.183238  4.383 0.001601 0.002107
227 0.186885  3.896 0.001606 0.002176
228 0.182371  4.870 0.001690 0.002082
229 0.177884  2.922 0.001638 0.002156
230 0.184255  4.383 0.001702 0.002179
231 0.181043  3.896 0.001658 0.002150
232 0.185829  4.383 0.001697 0.002261
233 0.182407  4.870 0.001693 0.002246
234 0.186846  4.870 0.001721 0.002291
235 0.184212  4.870 0.001704 0.002356
236 0.189002  3.896 0.001804 0.002263
237 0.189328  4.383 0.001834 0.003029
238 0.206769  5.357 0.001783 0.002490
239 0.186435  4.383 0.001765 0.002448
240 0.192933  3.896 0.001855 0.002346
241 0.189532  4.870 0.001788 0.002482
242 0.196642  5.357 0.001887 0.002401
243 0.190184  5.357 0.001827 0.002507
244 0.195066  4.383 0.001875 0.002522
245 0.192184  4.383 0.001897 0.002542
246 0.197207  3.896 0.001904 0.002632
247 0.194641  4.383 0.001939 0.003488
248 0.206380  4.870 0.001942 0.002661
249 0.195874  3.896 0.001964 0.002641
250 0.200521  4.870 0.001973 0.002801
251 0.198865  5.357 0.001953 0.002735
252 0.201731  3.896 0.002045 0.002724
253 0.201903  4.870 0.002035 0.002702
254 0.203093  4.383 0.002105 0.002759
255 0.211225  5.357 0.002057 0.002980
256 0.204486  5.357 0.002196 0.003429
257 0.213879  5.844 0.002090 0.002785
258 0.206002  4.870 0.002108 0.002881
259 0.202324  4.870 0.002088 0.002957
260 0.207381  4.870 0.002208 0.002888
261 0.207026  4.870 0.002171 0.002955
262 0.208709  3.896 0.002167 0.002975
263 0.206505  5.357 0.002232 0.003058
264 0.210371  5.844 0.002273 0.003058
265 0.209204  4.870 0.002212 0.003749
266 0.213065  5.844 0.002241 0.003164
267 0.211245  5.357 0.002318 0.003157
268 0.211848  5.357 0.002346 0.003432
269 0.213248  5.357 0.002382 0.003275
270 0.215751  3.896 0.002407 0.003196
271 0.231124  5.357 0.002380 0.003329
272 0.212398  5.844 0.002416 0.003239
273 0.215416  5.844 0.002422 0.003370
274 0.217557  5.357 0.002427 0.003434
275 0.218580  5.357 0.002485 0.003450
276 0.224215  5.357 0.002470 0.003380
277 0.219120  5.844 0.002487 0.003453
278 0.219812  5.357 0.002410 0.003524
279 0.222951  6.331 0.002535 0.003524
280 0.221606  5.844 0.002530 0.003528
281 0.223048  3.896 0.002570 0.003685
282 0.223461  5.844 0.002570 0.003573
283 0.224351  5.844 0.002546 0.003643
284 0.224580  5.844 0.002606 0.003790
285 0.224941  5.844 0.002632 0.003720
286 0.226431  5.844 0.002570 0.003832
287 0.226632  6.331 0.002692 0.003745
288 0.227930  5.844 0.002571 0.003994
289 0.227849  4.870 0.002753 0.003829
290 0.228768  5.357 0.002705 0.003839
291 0.229591  5.844 0.002750 0.003909
292 0.231953  5.357 0.002827 0.003924
293 0.242959  7.792 0.002747 0.003945
294 0.231739  5.844 0.002786 0.003975
295 0.233725  5.844 0.002831 0.004079
296 0.235829  6.331 0.002832 0.004036
297 0.238282  5.844 0.002828 0.004143
298 0.235278  5.844 0.002870 0.004225
299 0.235503  6.331 0.002942 0.004258
300 0.237840  5.844 0.002903 0.004301
301 0.237465  5.844 0.003032 0.004280
302 0.238182  6.331 0.002907 0.004380
303 0.238660  6.331 0.002992 0.004339
304 0.239579  5.357 0.003025 0.004516
305 0.240193  5.844 0.003029 0.004405
306 0.240026  5.844 0.003024 0.004445
307 0.240716  5.357 0.003048 0.004474
308 0.242613  5.844 0.003066 0.004647
309 0.243368  6.331 0.003125 0.004506
310 0.242968  5.844 0.002984 0.004590
311 0.243643  5.844 0.003259 0.004593
312 0.244812  5.844 0.003138 0.004632
313 0.258072  6.331 0.003213 0.004706
314 0.245643  6.331 0.003191 0.004805
315 0.247375  6.818 0.003250 0.004748
316 0.249820  6.331 0.003296 0.004832
317 0.252317  5.357 0.003258 0.004831
318 0.249579  6.331 0.003272 0.004845
319 0.249656  6.331 0.003408 0.004912
320 0.253025  5.357 0.003322 0.004894
321 0.250391  5.844 0.003288 0.004966
322 0.252190  6.818 0.003350 0.005257
323 0.252117  5.844 0.003388 0.005031
324 0.255197  5.357 0.003411 0.005209
325 0.254998  7.305 0.003403 0.005137
326 0.256037  5.844 0.003422 0.005267
327 0.255914  7.305 0.003409 0.005333
328 0.258088  7.305 0.003466 0.005562
329 0.258771  5.844 0.003479 0.005429
330 0.258072  6.818 0.003502 0.005323
331 0.260161  6.331 0.003505 0.005556
332 0.274569  6.818 0.003551 0.005419
333 0.260539  5.844 0.003545 0.005390
334 0.261402  5.844 0.003689 0.005437
335 0.264898  7.792 0.003591 0.005661
336 0.267590  7.792 0.003711 0.005557
337 0.263665  6.331 0.003586 0.005672
338 0.263857  5.844 0.003652 0.005797
339 0.265841  6.818 0.003636 0.005907
340 0.264750  7.792 0.003682 0.005820
341 0.265673  5.844 0.003623 0.005844
342 0.267359  6.331 0.003820 0.005770
343 0.268011  6.331 0.003697 0.005843
344 0.270520  5.844 0.003880 0.005836
345 0.267451  6.818 0.003745 0.006005
346 0.271214  6.818 0.003800 0.005944
347 0.272472  5.357 0.003799 0.005948
348 0.271123  6.331 0.003851 0.006013
349 0.271762  7.305 0.003787 0.006050
350 0.288775  5.844 0.003884 0.006098
351 0.274592  7.305 0.003832 0.006265
352 0.274917  6.818 0.003951 0.006167
353 0.276795  5.844 0.003937 0.006315
354 0.280717  6.818 0.003981 0.006270
355 0.277158  6.818 0.003954 0.006293
356 0.280318  7.305 0.004012 0.006368
357 0.279186  7.305 0.003988 0.006478
358 0.278370  7.305 0.004056 0.006482
359 0.282094  7.305 0.004036 0.006634
360 0.281783  6.818 0.004098 0.006485
361 0.281534  6.818 0.004122 0.006478
362 0.280231  7.305 0.004129 0.006707
363 0.284680  7.305 0.004128 0.006616
364 0.282237  6.818 0.004191 0.006761
365 0.285392  7.305 0.004195 0.006795
366 0.284431  6.818 0.004235 0.006861
367 0.303269  6.818 0.004221 0.006962
368 0.285603  6.818 0.004278 0.006937
369 0.286859  6.818 0.004280 0.007006
370 0.288399  7.305 0.004313 0.006887
371 0.296958  6.818 0.004327 0.007107
372 0.289312  7.792 0.004355 0.007117
373 0.292338  6.818 0.004380 0.007204
374 0.289486  5.844 0.004418 0.007046
375 0.291534  6.818 0.004417 0.007270
376 0.294101  6.818 0.004421 0.007134
377 0.292283  7.792 0.004447 0.007204
378 0.293720  6.818 0.004487 0.007208
379 0.295117  7.305 0.004560 0.007250
380 0.296274  8.279 0.004491 0.007305
381 0.296862  7.305 0.004578 0.007374
382 0.295500  6.331 0.004573 0.007372
383 0.299219  7.305 0.004731 0.008214
384 0.303736  7.305 0.004616 0.007474
385 0.298055  7.792 0.004636 0.007514
386 0.300864  7.792 0.004669 0.007586
387 0.304558  6.818 0.004850 0.007705
388 0.305747  6.818 0.004690 0.007624
389 0.301034  7.792 0.004752 0.007691
390 0.304276  7.792 0.004749 0.007726
391 0.301491  6.331 0.004798 0.007745
392 0.306645  6.818 0.004783 0.007793
393 0.308101  7.792 0.004838 0.007847
394 0.304223  6.818 0.004944 0.008124
395 0.307027  6.818 0.004896 0.008194
396 0.309519  6.818 0.004906 0.008031
397 0.307370  6.818 0.004959 0.008042
398 0.308445  6.818 0.004922 0.008039
399 0.328304  6.331 0.005007 0.008173
400 0.316137  6.818 0.004961 0.008347
401 0.312657  7.305 0.005145 0.008196
402 0.313379  7.305 0.005110 0.009105
403 0.313544  7.305 0.005088 0.008369
404 0.312991  6.331 0.005068 0.008319
405 0.314309  7.305 0.005136 0.008383
406 0.316044  7.305 0.005152 0.008611
407 0.314505  7.305 0.005200 0.008490
408 0.315206  7.792 0.005165 0.008507
409 0.315552  7.305 0.005215 0.008686
410 0.316313  6.818 0.005215 0.008582
411 0.319831  7.305 0.005266 0.008671
412 0.320565  7.792 0.005258 0.008824
413 0.320338  7.305 0.005320 0.008735
414 0.335096  7.305 0.005535 0.009016
415 0.322170  6.818 0.005376 0.008852
416 0.323335  6.818 0.005379 0.009038
417 0.322920  7.305 0.005415 0.009721
418 0.322691  7.305 0.005539 0.009173
419 0.323356  7.305 0.005515 0.009010
420 0.325070  7.305 0.005462 0.009294
421 0.326471  7.792 0.005506 0.009099
422 0.334544  7.792 0.005535 0.009400
423 0.328754  8.766 0.005559 0.009383
424 0.352278  8.279 0.005581 0.009199
425 0.330903  6.331 0.005621 0.009271
426 0.331462  6.818 0.005597 0.009470
427 0.336578  7.305 0.005623 0.009552
428 0.333433  8.279 0.005666 0.009446
429 0.347780  7.792 0.005638 0.009623
430 0.339557  7.305 0.005681 0.009704
431 0.337466  7.792 0.005723 0.009540
432 0.339398  7.792 0.005718 0.009697
433 0.341046  7.792 0.005705 0.009829
434 0.338465  7.792 0.005901 0.009712
435 0.336160  7.792 0.005763 0.009717
436 0.339460  8.279 0.005800 0.009755
437 0.341746  8.766 0.005781 0.010029
438 0.342040  7.305 0.005998 0.010065
439 0.339712  8.766 0.005847 0.010102
440 0.343354  7.792 0.006019 0.009987
441 0.340251  7.792 0.005879 0.010018
442 0.344040  7.792 0.005946 0.010192
443 0.355761  7.792 0.006112 0.010134
444 0.344482  7.792 0.006205 0.010411
445 0.346681  8.279 0.006186 0.010344
446 0.349892  7.305 0.006514 0.010258
447 0.345901  7.792 0.006173 0.010314
448 0.350102  7.792 0.006098 0.010581
449 0.347378  8.279 0.006066 0.010660
450 0.351201  8.279 0.006169 0.010465
451 0.352478  7.792 0.006321 0.010492
452 0.350987  7.792 0.006388 0.010598
453 0.352465  8.279 0.006175 0.010590
454 0.352112  8.766 0.006331 0.010626
455 0.351178  8.279 0.006249 0.011158
456 0.370800  7.792 0.006317 0.011280
457 0.360201  8.766 0.006288 0.011031
458 0.355059  8.766 0.006375 0.011050
459 0.368581  8.766 0.006571 0.011014
460 0.358304  7.792 0.006664 0.011031
461 0.361669  7.792 0.006617 0.011023
462 0.362283  7.792 0.006691 0.011078
463 0.361265  8.766 0.006438 0.011111
464 0.366183  7.792 0.006534 0.011284
465 0.364247  7.305 0.006518 0.011192
466 0.363981  8.279 0.006584 0.011291
467 0.364276  7.792 0.006748 0.011538
468 0.367374  9.253 0.006624 0.011378
469 0.367808  8.279 0.006660 0.011749
470 0.371834  7.305 0.006702 0.011525
471 0.367432  8.279 0.006739 0.011732
472 0.376756  8.766 0.006926 0.011617
473 0.368908  8.766 0.006777 0.011894
474 0.376187  9.253 0.006825 0.011660
475 0.371539  9.253 0.006814 0.011736
476 0.371952  7.792 0.007037 0.011856
477 0.375423  9.253 0.006916 0.012021
478 0.373735  7.305 0.006906 0.011895
479 0.375949  8.766 0.006962 0.011935
480 0.377758  8.279 0.006963 0.011984
481 0.373519  8.279 0.007242 0.012021
482 0.401481  8.279 0.007004 0.012165
483 0.375978  8.279 0.007032 0.012529
484 0.377708  8.766 0.007096 0.012269
485 0.381682  8.279 0.007128 0.012453
486 0.379910  9.253 0.007152 0.012292
487 0.383359  8.279 0.007192 0.012344
488 0.382369  7.792 0.007183 0.012647
489 0.389851  7.792 0.007263 0.012547
490 0.385001  8.279 0.007466 0.012550
491 0.382647  8.766 0.007439 0.012522
492 0.388260  8.766 0.007290 0.012571
493 0.381984  7.792 0.007480 0.012597
494 0.393588  8.766 0.007356 0.014291
495 0.391118  8.766 0.007413 0.012755
496 0.388679  8.279 0.007410 0.013257
497 0.391825  8.766 0.007510 0.012848
498 0.387893  8.766 0.007630 0.012852
499 0.390794  8.766 0.007665 0.012996
500 0.389428  9.740 0.007528 0.012974
