# .test .cputime .temperature .time_mat1 .time_mat2
1 0.000803  0.000 0.000015 0.000002
2 0.001375  0.000 0.000002 0.000001
3 0.002785  0.000 0.000017 0.000002
4 0.003449  0.000 0.000003 0.000002
5 0.004384  0.000 0.000015 0.000003
6 0.005170  0.000 0.000014 0.000003
7 0.005934  0.000 0.000021 0.000003
8 0.006870  0.000 0.000015 0.000004
9 0.007795  0.000 0.000018 0.000004
10 0.008698  0.487 0.000016 0.000005
11 0.009478  0.487 0.000020 0.000006
12 0.010211  0.000 0.000019 0.000006
13 0.010983  0.000 0.000024 0.000008
14 0.011506  1.461 0.000069 0.000009
15 0.012178  1.461 0.000023 0.000010
16 0.012945  0.000 0.000022 0.000011
17 0.013751  0.487 0.000024 0.000012
18 0.014776  0.487 0.000027 0.000013
19 0.015302  0.000 0.000030 0.000015
20 0.016080  0.000 0.000030 0.000017
21 0.016480  0.000 0.000029 0.000018
22 0.017548  0.487 0.000032 0.000021
23 0.018191  1.461 0.000032 0.000023
24 0.019105  0.000 0.000035 0.000024
25 0.019849  0.487 0.000036 0.000027
26 0.020574  0.000 0.000038 0.000029
27 0.021345  0.974 0.000040 0.000031
28 0.022360  0.000 0.000044 0.000033
29 0.022656  0.974 0.000043 0.000035
30 0.023424  0.974 0.000047 0.000037
31 0.024756  0.487 0.000035 0.000040
32 0.025195 -0.487 0.000055 0.000041
33 0.025848  0.487 0.000037 0.000045
34 0.027318  0.487 0.000056 0.000048
35 0.027725  0.487 0.000041 0.000050
36 0.028853  0.487 0.000061 0.000053
37 0.028939  0.487 0.000045 0.000057
38 0.029399  0.487 0.000064 0.000058
39 0.030746  0.974 0.000050 0.000062
40 0.034329  0.487 0.000071 0.000065
41 0.037256  0.974 0.000057 0.000070
42 0.037185  0.487 0.000070 0.000074
43 0.033691  0.974 0.000060 0.000075
44 0.034289  0.487 0.000080 0.000080
45 0.034789  0.974 0.000065 0.000122
46 0.035493  0.974 0.000087 0.000085
47 0.036556  0.487 0.000071 0.000093
48 0.037145  0.974 0.000090 0.000094
49 0.038050  0.974 0.000077 0.000098
50 0.038494  0.974 0.000097 0.000101
51 0.039401  0.487 0.000086 0.000105
52 0.040934  0.974 0.000106 0.000112
53 0.042169  0.974 0.000089 0.000117
54 0.041896  1.461 0.000111 0.000117
55 0.045212  0.000 0.000096 0.000123
56 0.044088  0.974 0.000179 0.000126
57 0.044510  1.948 0.000104 0.000132
58 0.045078  1.948 0.000125 0.000135
59 0.046066  0.487 0.000124 0.000141
60 0.046520  1.461 0.000133 0.000143
61 0.047798  0.974 0.000134 0.000147
62 0.047981  1.948 0.000140 0.000151
63 0.049336  1.948 0.000139 0.000161
64 0.049846  0.974 0.000147 0.000159
65 0.051245  2.922 0.000149 0.000169
66 0.057309  0.974 0.000155 0.000168
67 0.056263  1.461 0.000161 0.000174
68 0.062671  1.461 0.000164 0.000183
69 0.054918  0.974 0.000174 0.000188
70 0.054500  2.435 0.000177 0.000188
71 0.055061  1.948 0.000181 0.000198
72 0.056070  1.461 0.000181 0.000199
73 0.057022  1.461 0.000192 0.000203
74 0.057545  1.461 0.000202 0.000209
75 0.058617  1.948 0.000199 0.000214
76 0.059368  2.435 0.000208 0.000221
77 0.060478  2.922 0.000223 0.000227
78 0.060702  1.948 0.000214 0.000282
79 0.061445  2.435 0.000222 0.000245
80 0.062948  1.948 0.000243 0.000250
81 0.063135  2.922 0.000229 0.000250
82 0.063837  1.948 0.000230 0.000255
83 0.064682  1.461 0.000269 0.000261
84 0.064937  1.461 0.000232 0.000275
85 0.071232  2.435 0.000246 0.000276
86 0.066493  2.435 0.000250 0.000289
87 0.067819  1.461 0.000272 0.000289
88 0.068531  2.922 0.000257 0.000295
89 0.068970  2.435 0.000351 0.000302
90 0.069785  2.435 0.000262 0.000309
91 0.071668  2.435 0.000337 0.000315
92 0.071139  2.922 0.000266 0.000332
93 0.073328  1.948 0.000301 0.000330
94 0.073296  2.435 0.000272 0.000379
95 0.074073  1.948 0.000342 0.000347
96 0.074327  2.922 0.000293 0.000353
97 0.075675  2.435 0.000330 0.000372
98 0.075727  1.948 0.000300 0.000370
99 0.077359  2.435 0.000337 0.000375
100 0.077458  2.435 0.000347 0.000383
101 0.080123  1.461 0.000350 0.000389
102 0.078767  3.409 0.000323 0.000397
103 0.079732  1.948 0.000348 0.000408
104 0.082296  2.435 0.000332 0.000424
105 0.081617  2.435 0.000364 0.000457
106 0.082115  2.435 0.000346 0.000428
107 0.083211  1.461 0.000375 0.000434
108 0.084723  3.409 0.000357 0.000442
109 0.084839  1.948 0.000386 0.000450
110 0.085908  1.948 0.000391 0.000458
111 0.087026  1.461 0.000403 0.000467
112 0.088136  1.948 0.000401 0.000489
113 0.087871  2.435 0.000455 0.000483
114 0.088874  3.896 0.000415 0.000491
115 0.089821  1.948 0.000426 0.000497
116 0.089882  3.409 0.000471 0.000505
117 0.091376  2.435 0.000440 0.000529
118 0.092933  2.922 0.000444 0.000522
119 0.092470  2.922 0.000455 0.000531
120 0.093943  1.948 0.000456 0.000576
121 0.094587  2.435 0.000463 0.000602
122 0.095061  3.409 0.000475 0.000592
123 0.096991  2.922 0.000482 0.000568
124 0.097190  2.922 0.000491 0.000574
125 0.097975  2.435 0.000494 0.000658
126 0.097334  2.435 0.000510 0.000615
127 0.100526  2.435 0.000516 0.000625
128 0.100474  2.435 0.000520 0.000642
129 0.101546  3.896 0.000524 0.000624
130 0.100967  2.922 0.000536 0.000670
131 0.113957  3.896 0.000540 0.000675
132 0.104773  2.922 0.000574 0.000652
133 0.104168  2.435 0.000561 0.000663
134 0.104621  2.922 0.000595 0.000673
135 0.105463  2.922 0.000613 0.000704
136 0.108335  3.409 0.000590 0.000696
137 0.107583  2.922 0.000574 0.000705
138 0.108175  3.896 0.000608 0.000717
139 0.109096  2.922 0.000589 0.000783
140 0.110163  3.409 0.000624 0.000789
141 0.115108  2.435 0.000648 0.000770
142 0.112215  3.409 0.000641 0.000758
143 0.112689  3.896 0.000665 0.000791
144 0.113028  2.435 0.000660 0.000827
145 0.114492  3.896 0.000641 0.000838
146 0.114004  3.409 0.000676 0.000857
147 0.114875  3.896 0.000659 0.000873
148 0.115331  3.896 0.000695 0.000824
149 0.116829  3.409 0.000677 0.000883
150 0.117529  3.409 0.000712 0.000875
151 0.118334  3.896 0.000694 0.000913
152 0.118949  2.435 0.000807 0.000872
153 0.121864  4.383 0.000714 0.000931
154 0.121386  4.870 0.000746 0.000948
155 0.122455  3.896 0.000734 0.000992
156 0.121560  4.870 0.000765 0.000992
157 0.122105  3.409 0.000752 0.000989
158 0.123421  2.922 0.000862 0.000945
159 0.125343  3.896 0.000823 0.000982
160 0.125182  2.922 0.000802 0.001023
161 0.126833  3.896 0.000866 0.001007
162 0.127799  4.870 0.000823 0.001019
163 0.129112  3.409 0.000828 0.001015
164 0.128788  3.409 0.000928 0.001016
165 0.128911  3.409 0.000847 0.001103
166 0.129833  3.896 0.000860 0.001100
167 0.131145  2.922 0.000924 0.001054
168 0.132928  3.896 0.000930 0.001068
169 0.132466  3.409 0.000887 0.001088
170 0.134938  3.409 0.000905 0.001180
171 0.135244  3.896 0.000912 0.001136
172 0.145522  4.383 0.000973 0.001333
173 0.137259  4.383 0.000938 0.001134
174 0.135453  4.383 0.000947 0.001189
175 0.137168  4.383 0.000959 0.001190
176 0.140393  3.896 0.000966 0.001174
177 0.140665  4.383 0.001044 0.001185
178 0.139595  3.896 0.000987 0.001257
179 0.142000  4.383 0.001002 0.001282
180 0.143440  2.922 0.001008 0.001230
181 0.143969  4.870 0.001084 0.001246
182 0.143624  4.870 0.001058 0.001464
183 0.144246  3.409 0.001052 0.001283
184 0.146275  3.896 0.001039 0.001289
185 0.146439  4.870 0.001078 0.001403
186 0.146447  4.383 0.001117 0.001359
187 0.149025  4.383 0.001161 0.001372
188 0.148343  4.383 0.001084 0.001428
189 0.149368  4.870 0.001118 0.001434
190 0.151848  4.383 0.001105 0.001378
191 0.154448  3.409 0.001148 0.001480
192 0.151086  4.383 0.001129 0.001411
193 0.152231  4.870 0.001215 0.001431
194 0.152127  5.357 0.001154 0.001505
195 0.154798  3.896 0.001264 0.001465
196 0.155955  4.383 0.001230 0.001523
197 0.157627  4.383 0.001318 0.001498
198 0.157168  3.896 0.001270 0.001550
199 0.158571  4.383 0.001242 0.001591
200 0.160037  4.870 0.001226 0.001534
201 0.158981  4.870 0.001265 0.001643
202 0.158922  4.383 0.001250 0.001580
203 0.161412  4.870 0.001293 0.001660
204 0.169042  4.383 0.001273 0.001713
205 0.177149  4.870 0.001316 0.001700
206 0.163876  4.870 0.001300 0.001672
207 0.164552  5.357 0.001343 0.001690
208 0.166058  4.383 0.001327 0.001769
209 0.166804  5.357 0.001372 0.001690
210 0.166574  4.383 0.001357 0.001776
211 0.176773  4.383 0.001453 0.001731
212 0.170066  4.383 0.001396 0.001743
213 0.168921  5.357 0.001422 0.001774
214 0.172560  4.870 0.001425 0.001787
215 0.173332  4.383 0.001445 0.001850
216 0.173807  4.870 0.001497 0.001823
217 0.176228  4.870 0.001519 0.001837
218 0.175449  5.357 0.001476 0.001957
219 0.178024  4.870 0.001551 0.002000
220 0.176300  4.383 0.001558 0.001958
221 0.179225  4.870 0.001571 0.001972
222 0.178766  5.357 0.001533 0.001996
223 0.179852  4.870 0.001548 0.002005
224 0.180113  4.383 0.001566 0.002028
225 0.182820  4.383 0.001635 0.002057
226 0.182194  4.383 0.001593 0.002332
227 0.183157  4.870 0.001601 0.002086
228 0.183628  4.383 0.001621 0.002132
229 0.185557  5.844 0.001664 0.002150
230 0.184543  5.844 0.001689 0.002166
231 0.187912  4.383 0.001703 0.002197
232 0.186847  5.357 0.001678 0.002189
233 0.195601  4.870 0.001696 0.002310
234 0.188443  3.896 0.001750 0.002249
235 0.189385  5.357 0.001702 0.002270
236 0.189528  5.357 0.001744 0.002301
237 0.191106  5.844 0.001730 0.002342
238 0.195952  4.870 0.001775 0.002335
239 0.194305  4.870 0.001767 0.002452
240 0.193650  4.870 0.001855 0.002328
241 0.194459  4.870 0.001855 0.002823
242 0.195067  5.844 0.001834 0.002499
243 0.196484  4.870 0.001862 0.002399
244 0.196491  5.844 0.002011 0.002474
245 0.197863  4.870 0.001908 0.002452
246 0.198306  4.870 0.001906 0.002605
247 0.200409  5.357 0.001961 0.002575
248 0.200287  4.870 0.002020 0.002576
249 0.202818  4.870 0.001967 0.002656
250 0.200797  5.357 0.001960 0.002713
251 0.206272  4.383 0.001957 0.002691
252 0.203886  5.357 0.001997 0.002690
253 0.206001  6.818 0.001986 0.002727
254 0.204027  5.357 0.002030 0.002794
255 0.219498  5.357 0.002010 0.002763
256 0.206161  4.870 0.002072 0.002848
257 0.235082  5.357 0.002058 0.002874
258 0.208133  5.844 0.002185 0.002824
259 0.210097  4.870 0.002134 0.002908
260 0.210068  4.383 0.002136 0.002967
261 0.211534  5.357 0.002175 0.002958
262 0.216235  5.357 0.002169 0.003023
263 0.213694  5.357 0.002235 0.003044
264 0.212526  4.870 0.002206 0.003022
265 0.214721  5.844 0.002215 0.003114
266 0.214366  5.844 0.002244 0.003083
267 0.214890  4.383 0.002308 0.003114
268 0.215483  5.844 0.002337 0.003220
269 0.217595  6.331 0.002343 0.003130
270 0.218463  5.357 0.002366 0.003195
271 0.219045  5.844 0.002473 0.003246
272 0.218829  5.844 0.002349 0.003327
273 0.220389  5.844 0.002411 0.003335
274 0.221791  6.331 0.002425 0.003448
275 0.221922  5.844 0.002450 0.003331
276 0.221689  5.357 0.002458 0.003440
277 0.223460  6.331 0.002441 0.003451
278 0.224114  6.331 0.002510 0.003686
279 0.225573  5.844 0.002703 0.004156
280 0.232279  5.844 0.002541 0.003456
281 0.227319  5.844 0.002562 0.003585
282 0.227889  5.357 0.002576 0.003551
283 0.229066  5.357 0.002602 0.003702
284 0.233480  4.870 0.002608 0.003612
285 0.230817  5.357 0.002635 0.003670
286 0.231237  5.357 0.002583 0.003783
287 0.232343  5.357 0.002640 0.003821
288 0.231564  7.305 0.002915 0.005662
289 0.231945  5.357 0.002673 0.003904
290 0.232679  5.844 0.002705 0.003935
291 0.234492  6.331 0.002711 0.004033
292 0.233689  5.844 0.002748 0.003967
293 0.235726  6.818 0.002747 0.003917
294 0.234945  4.870 0.002782 0.003925
295 0.238114  6.818 0.002843 0.004045
296 0.237176  4.870 0.002821 0.004120
297 0.237646  5.357 0.002830 0.004168
298 0.237355  5.844 0.002848 0.004125
299 0.237966  5.844 0.002979 0.004112
300 0.250636  7.792 0.002956 0.004819
301 0.241915  6.331 0.003030 0.004204
302 0.239972  7.305 0.002912 0.004393
303 0.242292  6.818 0.002999 0.004376
304 0.240870  7.792 0.002973 0.004364
305 0.245772  6.818 0.003044 0.004360
306 0.244033  6.331 0.002963 0.004415
307 0.249514  6.331 0.003031 0.004522
308 0.245450  6.331 0.003053 0.004434
309 0.246460  6.331 0.003065 0.004505
310 0.246177  6.818 0.003069 0.004593
311 0.248258  6.818 0.003188 0.004554
312 0.247849  6.331 0.003100 0.004626
313 0.249002  7.305 0.003189 0.004622
314 0.249246  7.305 0.003193 0.004659
315 0.251611  7.305 0.003174 0.004738
316 0.250563  7.305 0.003235 0.004742
317 0.252557  7.305 0.003221 0.004871
318 0.252441  7.305 0.003260 0.004803
319 0.253878  7.305 0.003384 0.004816
320 0.266743  6.818 0.003256 0.004937
321 0.256016  6.818 0.003403 0.004913
322 0.255323  7.305 0.003336 0.004983
323 0.257542  6.818 0.003381 0.005022
324 0.261627  7.792 0.003334 0.005021
325 0.257758  6.818 0.003383 0.005360
326 0.259368  6.818 0.003422 0.005097
327 0.259615  6.818 0.003404 0.005256
328 0.259653  7.792 0.003412 0.005305
329 0.260887  7.305 0.003449 0.005279
330 0.261434  7.305 0.003482 0.005201
331 0.262978  6.818 0.003459 0.005372
332 0.262853  7.305 0.003538 0.005413
333 0.262361  6.818 0.003504 0.005478
334 0.263274  5.844 0.003569 0.005351
335 0.264256  7.792 0.003561 0.005452
336 0.264745  7.305 0.003559 0.005613
337 0.265294  7.305 0.003569 0.005538
338 0.279643  7.305 0.003655 0.006262
339 0.266518  6.818 0.003627 0.005566
340 0.266347  7.792 0.003678 0.005758
341 0.269262  7.792 0.003627 0.005750
342 0.274286  6.331 0.003836 0.005891
343 0.269069  6.818 0.003672 0.005925
344 0.272684  7.305 0.003772 0.005858
345 0.272939  6.818 0.003748 0.005797
346 0.272223  7.305 0.003802 0.005878
347 0.273219  6.818 0.003807 0.006013
348 0.275913  7.792 0.003856 0.005939
349 0.276619  7.305 0.003835 0.006105
350 0.275311  7.305 0.003933 0.006298
351 0.277690  6.331 0.003869 0.006199
352 0.279173  6.818 0.003946 0.006092
353 0.278814  7.305 0.003921 0.006172
354 0.308387  6.818 0.003986 0.006206
355 0.280753  7.305 0.003958 0.006192
356 0.292884  6.818 0.003994 0.006295
357 0.280717  6.818 0.004024 0.006401
358 0.285094  6.818 0.004079 0.006445
359 0.289264  6.818 0.004027 0.006440
360 0.283976  7.792 0.004092 0.006495
361 0.312938  6.818 0.004085 0.006686
362 0.286256  7.305 0.004148 0.006532
363 0.285463  6.818 0.004140 0.006694
364 0.287487  6.818 0.004211 0.006906
365 0.289177  8.279 0.004194 0.006649
366 0.289236  7.305 0.004218 0.006709
367 0.288870  6.331 0.004225 0.006847
368 0.326959  6.331 0.004266 0.006788
369 0.290891  7.305 0.004282 0.006979
370 0.291452  7.305 0.004460 0.006848
371 0.291170  7.305 0.004314 0.006873
372 0.308519  7.305 0.004348 0.006936
373 0.295101  6.818 0.004368 0.007166
374 0.294324  6.818 0.004456 0.007162
375 0.295465  7.792 0.004415 0.007033
376 0.299048  7.305 0.004434 0.007125
377 0.296419  7.305 0.004477 0.007164
378 0.303137  7.792 0.004624 0.007308
379 0.299220  6.818 0.004505 0.007397
380 0.298002  6.331 0.004521 0.007296
381 0.298845  7.792 0.004569 0.007371
382 0.298719  7.305 0.004557 0.007535
383 0.300091  7.305 0.004604 0.007387
384 0.304157  7.305 0.004633 0.007460
385 0.300509  7.305 0.004656 0.007543
386 0.301668  7.305 0.004639 0.007617
387 0.303280  6.818 0.004680 0.007633
388 0.346174  7.792 0.004880 0.007630
389 0.305807  6.818 0.005116 0.007701
390 0.306094  6.331 0.004729 0.007679
391 0.306839  6.818 0.004797 0.007716
392 0.309237  7.792 0.004946 0.007783
393 0.338595  6.818 0.005009 0.008186
394 0.309660  7.305 0.005139 0.008048
395 0.309349  6.818 0.004890 0.007966
396 0.313817  7.792 0.004889 0.007930
397 0.311596  7.792 0.004947 0.008038
398 0.312091  6.818 0.005059 0.008049
399 0.311671  7.792 0.004980 0.008109
400 0.315409  7.792 0.004964 0.008308
401 0.349113  7.305 0.005020 0.008205
402 0.314639  7.792 0.005029 0.008188
403 0.330049  7.792 0.005273 0.008527
404 0.324582  8.766 0.005103 0.008324
405 0.318466  7.305 0.005158 0.008586
406 0.320405  6.331 0.005122 0.009193
407 0.320153  7.305 0.005195 0.008609
408 0.321585  7.305 0.005168 0.008641
409 0.321410  7.792 0.005240 0.008506
410 0.320483  7.305 0.005234 0.008664
411 0.324112  8.279 0.005288 0.008830
412 0.359400  8.279 0.005261 0.008660
413 0.323349  6.818 0.005365 0.008919
414 0.324853  7.305 0.005422 0.008768
415 0.342256  8.279 0.005490 0.008824
416 0.326653  7.305 0.005399 0.008982
417 0.328500  8.279 0.005461 0.008909
418 0.362716  8.279 0.005635 0.009091
419 0.334698  8.279 0.005525 0.008972
420 0.333218  6.818 0.005497 0.009027
421 0.353307  7.305 0.005526 0.009168
422 0.333007  8.279 0.005532 0.009153
423 0.333425  7.792 0.005562 0.009285
424 0.350631  7.792 0.005790 0.009377
425 0.332507  8.279 0.005590 0.009430
426 0.337877  7.792 0.005599 0.009539
427 0.355850  8.279 0.005673 0.009311
428 0.334261  8.766 0.005679 0.009424
429 0.335904  7.792 0.005660 0.009666
430 0.362693  8.279 0.005735 0.009469
431 0.337210  8.279 0.005717 0.009539
432 0.351150  7.792 0.005722 0.009595
433 0.360089  8.279 0.005712 0.009805
434 0.340832  8.279 0.005819 0.009628
435 0.342781  8.766 0.005743 0.009777
436 0.371131  7.792 0.006025 0.010074
437 0.341894  7.305 0.005784 0.010043
438 0.341890  8.279 0.005834 0.010009
439 0.383932  8.279 0.005931 0.010249
440 0.341507  8.279 0.005891 0.010144
441 0.352308  7.305 0.005860 0.009980
442 0.385234  8.279 0.005993 0.010052
443 0.345622  8.279 0.005920 0.010096
444 0.345796  8.279 0.006095 0.010370
445 0.394500  7.792 0.006088 0.010168
446 0.346190  8.766 0.006055 0.010479
447 0.349474  7.792 0.006068 0.010509
448 0.391748  7.792 0.006136 0.010331
449 0.350943  8.279 0.006090 0.010620
450 0.353204  8.766 0.006140 0.010638
451 0.352039  7.792 0.006198 0.010447
452 0.355524  7.792 0.006210 0.010549
453 0.354789  7.305 0.006336 0.010580
454 0.354063  8.766 0.006270 0.010615
455 0.385486  8.766 0.006437 0.010651
456 0.354163  8.766 0.006323 0.010759
457 0.357413  8.766 0.006294 0.010790
458 0.421243  9.253 0.006334 0.011698
459 0.355796  7.305 0.006536 0.010861
460 0.367612  7.305 0.006435 0.010893
461 0.362226  8.279 0.006393 0.011049
462 0.362248  8.766 0.006480 0.011173
463 0.364037  8.279 0.006575 0.011196
464 0.361111  8.766 0.006553 0.011106
465 0.359572  8.279 0.006525 0.011149
466 0.363882  7.792 0.006605 0.011208
467 0.363853  8.279 0.006608 0.011263
468 0.363731  8.766 0.006661 0.011510
469 0.366071  7.792 0.006660 0.011345
470 0.365743  9.253 0.006775 0.011467
471 0.380496  9.253 0.006898 0.012703
472 0.376516  8.279 0.006798 0.011603
473 0.378680  9.253 0.006888 0.011792
474 0.374630  8.766 0.006797 0.011849
475 0.368948  8.279 0.006803 0.011901
476 0.371852  8.279 0.006913 0.011940
477 0.378277  8.279 0.006855 0.012016
478 0.405904  9.253 0.006929 0.011822
479 0.372211  8.279 0.006962 0.011871
480 0.375665  8.766 0.006939 0.012210
481 0.375114  7.792 0.007020 0.011942
482 0.409382  8.766 0.007218 0.012032
483 0.375904  8.766 0.007079 0.012275
484 0.388018  8.766 0.007163 0.012128
485 0.377242  8.766 0.007391 0.012165
486 0.420226  9.253 0.007351 0.013361
487 0.392235  7.792 0.007190 0.012559
488 0.383808  8.766 0.007181 0.012368
489 0.390511  8.766 0.007246 0.012666
490 0.422080  9.740 0.007267 0.012381
491 0.383222  7.792 0.007300 0.012732
492 0.392270  8.279 0.007321 0.012537
493 0.385260  8.279 0.007382 0.012577
494 0.416476  9.253 0.007580 0.012673
495 0.384945  9.253 0.007485 0.012740
496 0.398228  8.766 0.007417 0.012749
497 0.385184  7.792 0.007516 0.012980
498 0.454635  9.253 0.007490 0.012964
499 0.388417  8.279 0.007578 0.012854
500 0.390187  8.766 0.007515 0.013200
